0 -1000 1000 0 1000 1000 0 -1000 -1000 0 1000 -1000 0 0 0;
1 -700 1000 0 700 1000 0 -1000 -1000 0 1000 -1000 0 0 0;
2 -700 1000 0 700 1000 0 -1000 -1000 0 -344 -1000 0 0 0;
3 -700 1000 0 700 1000 0 500 -1000 0 -500 -1000 0 0 0;
4 -1000 1000 -1000 1000 1000 0 -1000 -1000 0 1000 -1000 1000 0 0;
5 700 1000 0 1000 1000 0 -1000 -1000 -3000 1000 -1000 0 0 0;
6 -1036 351 0 351 351 0 -351 -351 0 351 -351 0 0 0;
7 -1036 351 0 351 351 0 -351 -351 3000 351 -351 0 0 0;
8 -643 741 0 1810 351 0 -6 -351 2235 351 -351 0 0 0;
9 -1000 -1000 0 1000 1000 0 -1000 -1000 0 1000 -1000 0 0 0;
